0 71 35 2 0
1 72 35 2 0
2 65 35 2 0
3 66 35 2 0
4 67 35 2 0
5 68 35 2 0
6 69 35 2 0
7 55 35 2 0
8 56 35 2 0
9 57 35 2 0
10 58 35 2 0
11 59 35 2 0
12 60 35 2 0
13 61 35 2 0
14 49 35 2 0
15 50 35 2 0
16 51 35 2 0
17 52 35 2 0
18 39 35 2 0
19 40 35 2 0
20 41 35 2 0
21 42 35 2 0
22 32 35 2 0
23 33 35 2 0
24 34 35 2 0
25 36 35 2 0
26 35 20 1 1
27 21 20 1 0
28 22 21 2 0
29 1 21 2 0
30 2 21 2 0
31 3 21 2 0
32 4 21 2 0
33 5 21 2 0
34 172 21 2 0
35 173 21 2 0
36 174 21 2 0
37 175 21 2 0
38 176 21 2 0
39 177 21 2 0
40 178 21 2 0
41 164 21 2 0
42 165 21 2 0
43 166 21 2 0
44 167 21 2 0
45 168 21 2 0
46 169 21 2 0
47 170 21 2 0
48 156 21 2 0
49 157 21 2 0
50 158 21 2 0
51 159 21 2 0
52 160 21 2 0
53 22 163 2 0
54 1 163 2 0
55 2 163 2 0
56 3 163 2 0
57 4 163 2 0
58 5 163 2 0
59 172 163 2 0
60 173 163 2 0
61 174 163 2 0
62 175 163 2 0
63 176 163 2 0
64 177 163 2 0
65 178 163 2 0
66 164 163 2 0
67 165 163 2 0
68 166 163 2 0
69 167 163 2 0
70 168 163 2 0
71 169 163 2 0
72 170 163 2 0
73 155 163 2 0
74 156 163 2 0
75 157 163 2 0
76 158 163 2 0
77 159 163 2 0
78 160 163 2 0
79 163 153 1 1
80 154 153 1 1
81 81 103 2 0
82 91 103 2 0
83 103 102 1 1
84 152 153 2 0
85 151 153 2 0
86 150 153 2 0
87 139 153 2 0
88 138 153 2 0
89 137 153 2 0
90 136 153 2 0
91 135 153 2 0
92 125 153 2 0
93 124 153 2 0
94 123 153 2 0
95 122 153 2 0
96 114 153 2 0
97 113 153 2 0
98 112 153 2 0
99 111 153 2 0
100 101 153 2 0
101 100 153 2 0
102 152 149 2 0
103 151 149 2 0
104 150 149 2 0
105 139 149 2 0
106 138 149 2 0
107 137 149 2 0
108 136 149 2 0
109 135 149 2 0
110 125 149 2 0
111 124 149 2 0
112 123 149 2 0
113 122 149 2 0
114 114 149 2 0
115 113 149 2 0
116 112 149 2 0
117 111 149 2 0
118 101 149 2 0
119 100 149 2 0
120 152 102 2 0
121 151 102 2 0
122 150 102 2 0
123 139 102 2 0
124 138 102 2 0
125 137 102 2 0
126 136 102 2 0
127 135 102 2 0
128 125 102 2 0
129 124 102 2 0
130 123 102 2 0
131 122 102 2 0
132 114 102 2 0
133 113 102 2 0
134 112 102 2 0
134 111 102 2 0
135 101 102 2 0
136 100 102 2 0
137 152 99 2 0
138 151 99 2 0
139 150 99 2 0
140 139 99 2 0
141 138 99 2 0
142 137 99 2 0
143 136 99 2 0
144 135 99 2 0
145 125 99 2 0
146 124 99 2 0
147 123 99 2 0
148 122 99 2 0
149 114 99 2 0
150 113 99 2 0
151 112 99 2 0
152 111 99 2 0
153 101 99 2 0
154 100 99 2 0
155 90 89 2 0
156 80 89 2 0
157 89 99 1 1
158 20 19 0 0
159 19 18 0 0
160 18 17 0 0
161 17 16 0 0
162 16 15 0 0
163 15 14 0 0
164 14 13 0 0
165 13 12 0 0
166 12 11 0 0
167 11 10 0 0
168 10 9 0 0
169 9 8 0 0
170 8 7 0 0
171 7 24 0 0
172 24 23 0 0
173 23 37 0 0
174 37 47 0 0
175 47 53 0 0
176 53 64 0 0
177 64 76 0 0
178 76 75 0 0
179 75 78 0 0
180 78 77 0 0
181 73 74 2 0
182 70 74 2 0
183 62 74 2 0
184 63 74 2 0
185 74 75 1 1
186 45 46 2 0
187 44 46 2 0
188 43 46 2 0
189 46 47 1 1
190 48 54 2 0
191 25 54 2 0
192 54 64 1 1
193 31 12 1 1
194 29 30 2 0
195 30 12 1 1
196 28 10 1 1
197 27 9 1 1
198 26 7 1 1
199 23 6 0 0
200 6 179 0 0
201 179 171 0 0
202 171 161 0 0
203 161 140 0 0
204 140 126 0 0
205 126 115 0 0
206 115 104 0 0
207 104 92 0 0
208 94 98 2 0
209 105 98 2 0
210 117 146 2 0
211 128 146 2 0
212 117 98 2 0
213 128 98 2 0
214 87 88 2 0
215 88 98 1 1
216 148 147 2 0
217 134 147 2 0
218 133 147 2 0
219 147 146 1 1
220 146 127 2 0
221 145 127 2 0
222 144 127 2 0
223 143 127 2 0
224 142 127 2 0
225 162 127 2 0
226 132 127 2 0
227 131 127 2 0
228 130 127 2 0
229 129 127 2 0
230 141 127 2 0
231 121 127 2 0
232 120 127 2 0
233 119 127 2 0
234 118 127 2 0
235 110 127 2 0
236 109 127 2 0
237 108 127 2 0
238 107 127 2 0
239 106 127 2 0
240 116 127 2 0
241 98 127 2 0
242 97 127 2 0
243 96 127 2 0
244 95 127 2 0
245 94 127 2 0
246 105 127 2 0
247 117 127 2 0
248 128 127 2 0
249 127 126 1 1
250 149 146 0 0
251 99 98 0 0
252 21 163 0 0
253 153 149 0 0
254 102 99 0 0
255 153 99 0 0
256 153 102 0 0
257 149 102 0 0
258 149 99 0 0
259 146 146 2 0
260 145 146 2 0
261 144 146 2 0
262 143 146 2 0
263 142 146 2 0
264 162 146 2 0
265 132 146 2 0
266 131 146 2 0
267 130 146 2 0
268 129 146 2 0
269 141 146 2 0
270 121 146 2 0
271 120 146 2 0
272 119 146 2 0
273 118 146 2 0
274 110 146 2 0
275 109 146 2 0
276 108 146 2 0
277 107 146 2 0
278 106 146 2 0
279 116 146 2 0
280 98 146 2 0
281 97 146 2 0
282 96 146 2 0
283 95 146 2 0
284 94 146 2 0
285 105 146 2 0
286 146 98 2 0
287 145 98 2 0
288 144 98 2 0
289 143 98 2 0
290 142 98 2 0
291 162 98 2 0
292 132 98 2 0
293 131 98 2 0
294 130 98 2 0
295 129 98 2 0
296 141 98 2 0
297 121 98 2 0
298 120 98 2 0
299 119 98 2 0
300 118 98 2 0
301 110 98 2 0
302 109 98 2 0
303 108 98 2 0
304 107 98 2 0
305 106 98 2 0
306 116 98 2 0
307 98 98 2 0
308 97 98 2 0
309 96 98 2 0
310 95 98 2 0