24.389267 56.095315 -79 -88 -61 -72 -79
24.389267 58.534241 -80 -89 -64 -75 -92
24.389267 60.973168 -82 -95 -66 -69 -80
24.389267 68.289948 -83 -93 -75 -74 -90
24.389267 70.728875 -88 -95 -67 -81 -95
24.389267 19.511414 -58 -65 -65 -52 -95
26.828194 24.389267 -72 -76 -62 -59 -95
26.828194 26.828194 -60 -75 -58 -52 -95
26.828194 29.267121 -63 -73 -59 -59 -95
26.828194 31.706047 -69 -69 -51 -53 -95
26.828194 34.144974 -67 -74 -54 -55 -95
26.828194 36.583901 -76 -78 -58 -64 -91
26.828194 39.022828 -74 -80 -53 -62 -94
26.828194 41.461754 -68 -85 -57 -70 -88
26.828194 43.900681 -75 -85 -60 -70 -81
26.828194 46.339608 -75 -91 -59 -69 -82
26.828194 48.778534 -75 -86 -64 -64 -79
26.828194 51.217461 -71 -89 -54 -69 -75
26.828194 53.656388 -77 -89 -58 -78 -84
26.828194 56.095315 -85 -90 -62 -77 -81
26.828194 58.534241 -79 -89 -67 -68 -83
26.828194 70.728875 -84 -95 -68 -83 -92
26.828194 19.511414 -59 -57 -63 -56 -95
26.828194 21.950341 -61 -73 -61 -56 -95
29.267121 24.389267 -69 -70 -66 -58 -95
29.267121 26.828194 -59 -70 -61 -60 -95
29.267121 29.267121 -70 -75 -67 -64 -95
29.267121 31.706047 -59 -80 -53 -58 -95
29.267121 34.144974 -74 -79 -65 -64 -91
29.267121 36.583901 -76 -82 -58 -68 -92
29.267121 39.022828 -73 -84 -61 -64 -86
29.267121 48.778534 -88 -94 -64 -79 -65
29.267121 51.217461 -91 -95 -69 -83 -77
29.267121 53.656388 -89 -95 -75 -83 -69
29.267121 56.095315 -83 -90 -68 -84 -81
29.267121 58.534241 -86 -90 -70 -84 -82
29.267121 19.511414 -61 -51 -66 -53 -95
29.267121 21.950341 -69 -65 -65 -58 -95
31.706047 51.217461 -88 -95 -65 -77 -78
31.706047 53.656388 -90 -95 -75 -84 -79
31.706047 56.095315 -89 -95 -69 -84 -86
31.706047 58.534241 -88 -92 -67 -82 -80
31.706047 9.755707 -80 -47 -77 -62 -95
31.706047 12.194634 -82 -47 -82 -70 -95
31.706047 14.633560 -71 -57 -74 -67 -95
31.706047 17.072487 -73 -56 -95 -64 -95
31.706047 19.511414 -60 -55 -68 -60 -95
31.706047 21.950341 -61 -72 -69 -64 -95
34.144974 51.217461 -85 -91 -67 -83 -78
34.144974 53.656388 -94 -89 -76 -86 -82
34.144974 56.095315 -95 -95 -82 -81 -87
34.144974 65.851022 -91 -95 -74 -87 -80
34.144974 19.511414 -69 -52 -71 -61 -95
34.144974 21.950341 -64 -64 -67 -56 -95
36.583901 51.217461 -86 -86 -70 -78 -83
36.583901 53.656388 -95 -90 -71 -78 -86
36.583901 56.095315 -88 -95 -74 -80 -82
36.583901 58.534241 -92 -95 -68 -83 -85
36.583901 60.973168 -87 -95 -77 -85 -83
36.583901 63.412095 -90 -94 -75 -85 -83
36.583901 65.851022 -92 -95 -82 -86 -82
36.583901 9.755707 -95 -39 -95 -95 -95
36.583901 12.194634 -83 -41 -84 -72 -95
36.583901 19.511414 -73 -54 -71 -60 -95
39.022828 53.656388 -88 -90 -79 -87 -79
39.022828 56.095315 -90 -95 -73 -90 -78
39.022828 58.534241 -93 -92 -74 -81 -90
39.022828 60.973168 -88 -91 -71 -85 -77
39.022828 63.412095 -91 -95 -75 -90 -76
39.022828 9.755707 -85 -42 -87 -79 -95
41.461754 56.095315 -94 -95 -79 -82 -80
41.461754 58.534241 -89 -95 -72 -78 -81
41.461754 9.755707 -86 -44 -88 -72 -95
41.461754 12.194634 -81 -38 -83 -78 -95
41.461754 14.633560 -78 -45 -85 -72 -95
41.461754 17.072487 -95 -47 -95 -68 -95
43.900681 9.755707 -83 -36 -88 -77 -95
43.900681 12.194634 -83 -50 -88 -76 -95
2.438927 24.389267 -43 -95 -60 -58 -95
2.438927 41.461754 -66 -95 -61 -66 -95
2.438927 53.656388 -75 -95 -62 -74 -95
2.438927 19.511414 -56 -74 -69 -60 -95
2.438927 21.950341 -41 -83 -63 -52 -95
4.877853 24.389267 -51 -76 -54 -61 -95
4.877853 26.828194 -52 -84 -54 -53 -95
4.877853 29.267121 -56 -94 -55 -58 -95
4.877853 31.706047 -56 -95 -54 -63 -95
4.877853 34.144974 -59 -88 -62 -61 -95
4.877853 41.461754 -68 -92 -52 -73 -95
4.877853 43.900681 -64 -95 -54 -71 -95
4.877853 53.656388 -74 -95 -56 -73 -95
4.877853 19.511414 -53 -59 -57 -56 -95
4.877853 21.950341 -50 -81 -60 -57 -95
7.316780 24.389267 -60 -91 -55 -55 -95
7.316780 26.828194 -48 -87 -61 -61 -95
7.316780 29.267121 -62 -91 -63 -53 -95
7.316780 31.706047 -59 -88 -60 -57 -95
7.316780 34.144974 -61 -85 -54 -62 -95
7.316780 41.461754 -65 -92 -58 -70 -95
7.316780 43.900681 -71 -95 -50 -60 -95
7.316780 48.778534 -80 -95 -51 -66 -95
7.316780 51.217461 -78 -95 -57 -68 -89
7.316780 53.656388 -74 -95 -60 -72 -95
7.316780 19.511414 -47 -68 -60 -56 -95
7.316780 21.950341 -43 -85 -61 -49 -95
9.755707 24.389267 -48 -87 -61 -48 -95
9.755707 26.828194 -54 -83 -61 -56 -95
9.755707 29.267121 -60 -84 -57 -53 -95
9.755707 31.706047 -54 -90 -51 -59 -95
9.755707 34.144974 -57 -95 -56 -65 -95
9.755707 41.461754 -65 -95 -51 -63 -95
9.755707 43.900681 -63 -95 -51 -63 -93
9.755707 48.778534 -71 -95 -56 -62 -92
9.755707 51.217461 -78 -95 -56 -73 -94
9.755707 19.511414 -51 -60 -58 -48 -95
9.755707 21.950341 -53 -81 -59 -58 -95
12.194634 24.389267 -52 -83 -58 -50 -95
12.194634 26.828194 -54 -82 -55 -55 -95
12.194634 29.267121 -61 -86 -55 -50 -95
12.194634 31.706047 -59 -89 -51 -58 -95
12.194634 34.144974 -61 -92 -57 -58 -95
12.194634 41.461754 -69 -95 -51 -64 -95
12.194634 43.900681 -72 -95 -50 -63 -92
12.194634 48.778534 -79 -95 -52 -64 -93
12.194634 51.217461 -70 -95 -53 -68 -90
12.194634 19.511414 -51 -64 -59 -42 -95
12.194634 21.950341 -53 -79 -57 -52 -95
14.633560 24.389267 -52 -83 -61 -60 -95
14.633560 26.828194 -60 -86 -57 -46 -95
14.633560 29.267121 -56 -88 -48 -55 -95
14.633560 31.706047 -67 -88 -55 -59 -95
14.633560 34.144974 -62 -88 -50 -58 -95
14.633560 36.583901 -65 -92 -40 -62 -95
14.633560 39.022828 -66 -87 -37 -57 -95
14.633560 41.461754 -65 -93 -48 -65 -91
14.633560 43.900681 -74 -87 -45 -62 -95
14.633560 46.339608 -75 -95 -58 -64 -95
14.633560 48.778534 -69 -92 -58 -68 -89
14.633560 51.217461 -76 -95 -50 -67 -90
14.633560 19.511414 -49 -73 -54 -44 -95
14.633560 21.950341 -44 -78 -61 -51 -95
17.072487 24.389267 -56 -88 -57 -48 -95
17.072487 26.828194 -62 -88 -54 -54 -95
17.072487 29.267121 -59 -95 -49 -49 -95
17.072487 31.706047 -62 -87 -49 -54 -95
17.072487 34.144974 -63 -91 -46 -53 -95
17.072487 36.583901 -62 -85 -37 -62 -95
17.072487 39.022828 -68 -95 -40 -58 -95
17.072487 41.461754 -66 -95 -49 -62 -91
17.072487 43.900681 -74 -93 -53 -64 -95
17.072487 46.339608 -71 -95 -60 -65 -92
17.072487 48.778534 -77 -89 -57 -67 -86
17.072487 51.217461 -76 -95 -56 -69 -92
17.072487 53.656388 -84 -95 -68 -70 -91
17.072487 56.095315 -75 -95 -58 -63 -92
17.072487 58.534241 -81 -95 -60 -68 -86
17.072487 60.973168 -82 -95 -65 -70 -89
17.072487 63.412095 -79 -95 -61 -74 -89
17.072487 70.728875 -84 -95 -64 -68 -91
17.072487 73.167802 -95 -95 -67 -95 -95
17.072487 19.511414 -58 -66 -59 -33 -95
17.072487 21.950341 -52 -82 -57 -40 -95
19.511414 56.095315 -79 -94 -65 -71 -91
19.511414 58.534241 -79 -95 -60 -69 -93
19.511414 60.973168 -95 -95 -61 -75 -93
19.511414 63.412095 -81 -95 -61 -74 -83
19.511414 65.851022 -80 -95 -70 -74 -89
19.511414 68.289948 -81 -95 -69 -83 -87
19.511414 70.728875 -81 -95 -65 -74 -90
19.511414 73.167802 -79 -92 -67 -79 -92
19.511414 19.511414 -53 -62 -61 -47 -95
21.950341 56.095315 -77 -95 -60 -75 -89
21.950341 58.534241 -79 -95 -64 -70 -92
21.950341 60.973168 -79 -95 -61 -70 -90
21.950341 63.412095 -81 -95 -64 -78 -90
21.950341 65.851022 -82 -94 -65 -78 -93
21.950341 68.289948 -86 -95 -65 -81 -95
21.950341 73.167802 -84 -95 -65 -69 -95
21.950341 19.511414 -53 -61 -61 -52 -95
