0 111 62 0 0
1 62 204 0 0
2 204 68 0 0
3 68 17 0 0
4 17 31 0 0
5 31 29 0 0
6 29 187 0 0
7 187 221 0 0
8 221 150 0 0
9 150 131 0 0
10 131 51 0 0
11 51 241 0 0
12 241 117 0 0
13 117 46 0 0
14 46 215 0 0
15 215 207 0 0
16 207 21 0 0
17 21 247 0 0
18 247 197 0 0
19 197 206 0 0
20 206 193 0 0
21 193 10 0 0
22 10 184 0 0
23 184 49 0 0
24 49 34 0 0
25 34 199 0 0
26 199 169 0 0
27 169 37 0 0
28 37 83 0 0
29 83 118 0 0
30 118 123 0 0
31 123 100 0 0
32 100 56 0 0
33 56 188 0 0
34 188 212 0 0
35 212 65 0 0
36 65 73 0 0
37 111 224 0 0
38 224 54 0 0
39 54 128 0 0
40 128 239 0 0
41 239 202 0 0
42 202 223 0 0
43 223 120 0 0
44 120 148 0 0
45 148 213 0 0
46 213 3 0 0
47 3 95 0 0
48 95 43 0 0
49 43 87 0 0
50 87 106 0 0
51 106 145 0 0
52 145 121 0 0
53 121 185 0 0
54 185 38 0 0
55 38 101 0 0
56 101 107 0 0
57 107 94 0 0
58 94 156 0 0
59 156 167 0 0
60 167 217 0 0
61 217 92 0 0
62 92 194 0 0
63 194 181 0 0
64 181 22 0 0
65 22 229 0 0
66 229 98 0 0
67 98 238 0 0
68 238 163 0 0
69 163 15 0 0
70 15 177 0 0
71 177 16 0 0
72 16 211 0 0
73 211 154 0 0
74 154 77 0 0
75 73 77 0 0
76 77 210 0 0
77 210 174 0 0
78 174 35 0 0
79 35 26 0 0
80 26 165 0 0
81 165 129 0 0
82 129 243 0 0
83 243 176 0 0
84 176 205 0 0
85 205 232 0 0
86 232 135 0 0
87 135 178 0 0
88 178 125 0 0
89 125 183 0 0
90 183 127 0 0
91 127 155 0 0
92 155 220 0 0
93 220 231 0 0
94 231 134 0 0
95 134 119 0 0
96 119 138 0 0
97 138 19 0 0
98 19 82 0 0
99 82 201 0 0
100 201 45 0 0
101 45 189 0 0
102 189 66 0 0
103 66 124 0 0
104 124 242 0 0
105 242 33 0 0
106 33 172 0 0
107 172 91 0 0
108 91 216 0 0
109 216 198 0 0
110 198 44 0 0
111 44 136 0 0
112 136 113 0 0
113 113 28 0 0
114 28 122 0 0
115 122 200 0 0
116 200 27 0 0
117 27 143 0 0
118 143 74 0 0
119 74 161 0 0
120 161 76 0 0
121 76 24 0 0
122 24 235 0 0
123 235 137 0 0
124 137 171 0 0
125 171 130 0 0
126 130 114 0 0
127 114 166 0 0
128 166 55 0 0
129 55 53 0 0
130 53 64 0 0
131 64 226 0 0
132 226 14 0 0
133 14 133 0 0
134 133 126 0 0
135 126 105 0 0
136 105 4 0 0
137 4 85 0 0
138 85 142 0 0
139 142 71 0 0
140 71 48 0 0
141 48 237 0 0
142 237 244 0 0
143 244 75 0 0
144 75 158 0 0
145 158 234 0 0
146 234 60 0 0
147 60 40 0 0
148 40 84 0 0
149 84 20 0 0
150 20 151 0 0
151 151 240 0 0
152 240 139 0 0
153 139 109 0 0
154 109 218 0 0
155 218 61 0 0
156 61 182 0 0
157 182 103 0 0
158 103 41 0 0
159 41 90 0 0
160 90 219 0 0
161 219 208 0 0
162 208 236 0 0
163 236 144 0 0
164 144 80 0 0
165 80 57 0 0
166 57 8 0 0
167 8 36 0 0
168 36 225 0 0
169 225 203 0 0
170 203 112 0 0
171 112 191 0 0
172 191 115 0 0
173 113 86 0 0
174 86 42 0 0
175 42 152 0 0
176 152 93 0 0
177 93 173 0 0
178 173 141 0 0
179 141 209 0 0
180 209 192 0 0
181 192 132 0 0
182 132 160 0 0
183 160 108 0 0
184 108 245 0 0
185 245 72 0 0
186 72 63 0 0
187 63 195 0 0
188 195 23 0 0
189 23 159 0 0
190 159 115 0 0
191 115 12 0 0
192 12 97 0 0
193 97 1 0 0
194 1 153 0 0
195 153 58 0 0
196 58 30 0 0
197 30 110 0 0
198 110 104 0 0
199 104 69 0 0
200 69 7 0 0
201 7 196 0 0
202 196 81 0 0
203 81 11 0 0
204 11 214 0 0
205 214 70 0 0
206 70 32 0 0
207 32 116 0 0
208 116 175 0 0
209 175 25 0 0
210 25 88 0 0
211 88 13 0 0
212 13 5 0 0
213 5 227 0 0
214 227 147 0 0
215 147 168 0 0
216 168 67 0 0
217 67 47 0 0
218 47 170 0 0
219 170 230 0 0
220 230 179 0 0
221 179 140 0 0
222 140 39 0 0
223 39 233 0 0
224 233 222 0 0
225 222 162 0 0
226 162 96 0 0
227 96 6 0 0
228 6 246 0 0
229 246 18 0 0
230 18 149 0 0
231 149 79 0 0
232 79 102 0 0
233 102 9 0 0
234 9 157 0 0
235 157 59 0 0
236 59 186 0 0
237 186 52 0 0
238 52 99 0 0
239 99 50 0 0
240 50 78 0 0
241 78 164 0 0
242 164 228 0 0
243 228 190 0 0
244 190 2 0 0
245 2 89 0 0
246 89 146 0 0
247 146 180 0 0