0 36 72 1 1

1 33 32 2 0

2 34 32 2 0

3 35 32 2 0

4 10 32 2 0

5 11 32 2 0

6 12 32 2 0

7 13 32 2 0

8 32 77 1 1

9 72 77 0 0

10 39 43 2 0

11 40 43 2 0

12 41 43 2 0

13 42 43 2 0

14 43 72 1 1

15 77 76 0 0

16 44 48 2 0

17 46 48 2 0

18 47 48 2 0

19 45 48 2 0

20 48 75 1 1

21 76 75 0 0

22 50 49 2 0

23 51 49 2 0

24 52 49 2 0

25 14 49 2 0

26 57 49 2 0

27 58 49 2 0

28 59 49 2 0

29 49 75 1 1

30 75 74 0 0

31 80 78 2 0

32 79 78 2 0

33 81 78 2 0

34 82 78 2 0

35 78 71 1 1

36 74 71 0 0

37 71 70 0 0

38 23 61 2 0

39 24 61 2 0

40 25 61 2 0

41 62 61 2 0

42 22 61 2 0

43 61 70 1 1

44 20 61 2 0

45 27 61 2 0

46 60 61 2 0

47 26 61 2 0

48 21 61 2 0

49 70 73 0 0

50 73 69 0 0

51 15 18 2 0

52 16 18 2 0

53 17 18 2 0

54 19 18 2 0

55 18 69 1 1

56 69 68 0 0

57 68 67 0 0

58 5 28 2 0

59 28 67 1 1

60 4 3 2 0

61 3 67 1 1

62 67 66 0 0

63 66 65 0 0

64 1 2 2 0

65 31 2 2 0

66 29 2 2 0

67 30 2 2 0

68 2 65 1 1

69 65 64 0 0

70 54 53 2 0

71 55 53 2 0

72 56 53 2 0

73 8 53 2 0

74 9 53 2 0

75 6 53 2 0

76 7 53 2 0

77 53 65 1 1

78 64 63 0 0

79 38 37 2 0

80 37 63 1 1
