4.75	31.3	-57.525	-79.75	-93.65	-97.975	-94.4	-98.025	-97.35	-98.275	-99	-99	-99	-99	-99	-99	-99	-99	-99	-99	-99	-99	-99	-99	-99	-99	-99	-99	-99	-99	-99	-99	-99	-99	-99	-99	-99	-99	-99	-99	-99	-99	-99	-99	-99	-99	-99	-99	-99	-99	-99	-99	-99	-99	-99	-99	-99	-99	-99
9.27	29.66	-51.45	-64.85	-99	-99	-99	-99	-99	-99	-96.8	-99	-99	-99	-99	-99	-99	-99	-99	-99	-99	-99	-99	-99	-99	-99	-99	-99	-99	-99	-99	-99	-99	-99	-99	-99	-99	-99	-99	-99	-99	-99	-99	-99	-99	-99	-99	-99	-99	-99	-99	-99	-99	-99	-99	-99	-99	-99	-99
5.59	25.08	-74.9	-59.925	-80.825	-99	-99	-99	-99	-99	-99	-84.5	-97.3	-99	-99	-99	-99	-99	-99	-99	-99	-99	-99	-99	-99	-99	-99	-99	-99	-99	-99	-99	-99	-99	-99	-99	-99	-99	-99	-99	-99	-99	-99	-99	-99	-99	-99	-99	-99	-99	-99	-99	-99	-99	-99	-99	-99	-99	-99
1.58	25.99	-74.6	-61.175	-80.525	-95.875	-99	-99	-99	-99	-97.025	-83.25	-99	-90.125	-97.025	-99	-99	-99	-99	-99	-99	-99	-99	-99	-99	-99	-99	-99	-99	-99	-99	-99	-99	-99	-99	-99	-99	-99	-99	-99	-99	-99	-99	-99	-99	-99	-99	-99	-99	-99	-99	-99	-99	-99	-99	-99	-99	-99	-99
0.85	22.77	-74.8	-57.5	-73.5	-98.575	-99	-99	-99	-99	-99	-83.7	-99	-87.025	-99	-99	-99	-99	-99	-99	-99	-99	-99	-99	-99	-99	-99	-99	-99	-99	-99	-99	-99	-99	-99	-99	-99	-99	-99	-99	-99	-99	-99	-99	-99	-99	-99	-99	-99	-99	-99	-99	-99	-99	-99	-99	-99	-99	-99
16.21	24.75	-59.6	-91.55	-99	-99	-99	-99	-99	-99	-99	-96.425	-91	-99	-99	-80	-94.75	-95.8	-96.675	-98.475	-97.55	-98.725	-99	-99	-99	-99	-99	-99	-99	-99	-99	-99	-99	-99	-99	-99	-99	-99	-99	-99	-99	-99	-99	-99	-99	-99	-99	-99	-99	-99	-99	-99	-99	-99	-99	-99	-99	-99	-99
15.25	31.69	-64.05	-95.85	-99	-99	-99	-99	-99	-99	-99	-99	-84.15	-99	-99	-92.525	-95.35	-99	-99	-99	-99	-99	-99	-99	-99	-99	-99	-99	-99	-99	-99	-99	-99	-99	-99	-99	-99	-99	-99	-99	-99	-99	-99	-99	-99	-99	-99	-99	-99	-99	-99	-99	-99	-99	-99	-99	-99	-99	-99
16.21	28.93	-60.025	-90.425	-99	-99	-99	-99	-99	-99	-99	-99	-84.65	-99	-99	-85.45	-94.5	-97.275	-96.825	-99	-99	-99	-99	-99	-99	-99	-99	-99	-99	-99	-99	-99	-99	-99	-99	-99	-99	-99	-99	-99	-99	-99	-99	-99	-99	-99	-99	-99	-99	-99	-99	-99	-99	-99	-99	-99	-99	-99	-99
19.21	29.21	-62.8	-96.55	-99	-99	-99	-99	-99	-99	-99	-97.025	-84.125	-99	-99	-87.7	-91.4	-89	-90.425	-98.625	-95.45	-95.325	-94.1	-97.4	-98.325	-99	-99	-99	-99	-99	-99	-99	-99	-99	-99	-99	-99	-99	-99	-99	-99	-99	-99	-99	-99	-99	-99	-99	-99	-99	-99	-99	-99	-99	-99	-99	-99	-99	-99
28.76	9.83	-97.95	-80.775	-99	-99	-99	-99	-99	-99	-99	-69.725	-53.15	-99	-99	-93.25	-88.925	-99	-99	-99	-99	-99	-99	-99	-99	-93.45	-74.675	-97.825	-96.375	-98.225	-98.625	-99	-99	-99	-99	-99	-99	-99	-99	-99	-99	-99	-99	-99	-99	-99	-99	-99	-99	-99	-99	-99	-99	-99	-99	-99	-99	-99	-99
23.56	14.41	-93.1	-79.2	-99	-99	-99	-99	-99	-99	-99	-69.475	-54	-99	-99	-86.85	-94.3	-99	-99	-99	-99	-99	-99	-99	-99	-96.025	-81.425	-96.9	-99	-99	-99	-94.675	-99	-99	-99	-99	-99	-99	-99	-99	-99	-99	-99	-99	-99	-99	-99	-99	-99	-99	-99	-99	-99	-99	-99	-99	-99	-99	-99
23.11	9.66	-97.4	-81.075	-99	-99	-99	-99	-99	-99	-99	-70.3	-55.825	-99	-99	-90.35	-95.975	-99	-99	-99	-98.025	-99	-99	-99	-99	-99	-76.625	-98.775	-99	-99	-99	-99	-99	-99	-99	-99	-99	-99	-99	-99	-99	-99	-99	-99	-99	-99	-99	-99	-99	-99	-99	-99	-99	-99	-99	-99	-99	-99	-99
26.16	12.03	-94.4	-80.375	-99	-99	-99	-99	-99	-99	-99	-72.625	-55.175	-99	-99	-90.875	-87.325	-99	-99	-99	-99	-99	-99	-99	-99	-97.3	-78.275	-96.125	-95.85	-97.65	-99	-97.025	-99	-99	-99	-99	-99	-99	-99	-99	-99	-99	-99	-99	-99	-99	-99	-99	-99	-99	-99	-99	-99	-99	-99	-99	-99	-99	-99
10.23	9.77	-82.025	-65.675	-94.075	-99	-99	-99	-99	-99	-99	-51.975	-67.325	-99	-99	-99	-99	-99	-99	-99	-99	-99	-99	-99	-99	-99	-87.9	-99	-96.825	-92.225	-99	-79.1	-97.175	-99	-99	-99	-99	-99	-99	-99	-99	-99	-99	-99	-99	-99	-99	-99	-99	-99	-99	-99	-99	-99	-99	-99	-99	-99	-99
0.85	16.72	-79.475	-44.625	-70.775	-99	-99	-98.725	-99	-99	-99	-78.825	-92.05	-93.075	-99	-99	-99	-99	-99	-99	-99	-99	-99	-99	-99	-99	-99	-99	-96.85	-99	-99	-89.525	-99	-99	-99	-99	-99	-99	-99	-99	-99	-99	-99	-99	-99	-99	-99	-99	-99	-99	-99	-99	-99	-99	-99	-99	-99	-99	-99
0.79	20.68	-78	-50.575	-71.55	-97.025	-99	-96.825	-99	-99	-99	-80.325	-92.2	-86.925	-99	-99	-99	-99	-99	-99	-99	-99	-99	-99	-99	-99	-99	-99	-99	-99	-99	-96.275	-99	-99	-96.925	-97.7	-99	-99	-99	-99	-99	-99	-99	-99	-99	-99	-99	-99	-99	-99	-99	-99	-99	-99	-99	-99	-99	-99	-99
5.37	20.85	-75.325	-54.275	-75.875	-98.625	-99	-99	-99	-99	-99	-79.15	-92.15	-94.275	-99	-99	-99	-99	-99	-99	-99	-99	-99	-99	-99	-99	-99	-99	-99	-99	-99	-99	-99	-99	-97.4	-99	-99	-99	-99	-99	-99	-99	-99	-99	-99	-99	-99	-99	-99	-99	-99	-99	-99	-99	-99	-99	-99	-99	-99
5.42	16.78	-78.95	-42.925	-72.65	-99	-99	-99	-99	-99	-99	-68.1	-91.075	-99	-99	-99	-99	-99	-99	-99	-99	-99	-99	-99	-99	-99	-99	-99	-95.875	-99	-99	-95.4	-99	-99	-99	-99	-99	-99	-99	-99	-99	-99	-99	-99	-99	-99	-99	-99	-99	-99	-99	-99	-99	-99	-99	-99	-99	-99	-99
2.77	18.59	-77.325	-48.2	-74.65	-96.95	-99	-99	-99	-99	-99	-78.025	-88.325	-87.6	-95.6	-99	-99	-99	-99	-99	-99	-99	-99	-99	-99	-99	-99	-99	-99	-99	-99	-94.2	-99	-99	-99	-99	-99	-99	-99	-99	-99	-99	-99	-99	-99	-99	-99	-99	-99	-99	-99	-99	-99	-99	-99	-99	-99	-99	-99
5.42	14.29	-83.95	-55.375	-81.75	-99	-99	-99	-99	-99	-99	-66.075	-75.15	-91.475	-99	-99	-99	-99	-99	-99	-99	-99	-99	-99	-99	-99	-99	-99	-91.2	-99	-99	-85.8	-99	-99	-99	-99	-99	-99	-99	-99	-99	-99	-99	-99	-99	-99	-99	-99	-99	-99	-99	-99	-99	-99	-99	-99	-99	-99	-99
5.54	10	-87.275	-62.05	-79.45	-99	-99	-99	-99	-99	-99	-62.875	-74.5	-88.825	-99	-99	-99	-99	-99	-99	-99	-99	-99	-99	-99	-99	-90.75	-93.725	-90.425	-99	-99	-78.55	-99	-99	-99	-99	-98.95	-99	-99	-99	-99	-99	-99	-99	-99	-99	-99	-99	-99	-99	-99	-99	-99	-99	-99	-99	-99	-99	-99
5.59	5.14	-94.475	-62.4	-80.6	-99	-99	-99	-99	-99	-99	-70.6	-86.025	-88.125	-99	-99	-99	-99	-99	-99	-99	-99	-99	-99	-99	-99	-94.825	-94.825	-86.575	-99	-99	-70.925	-99	-99	-99	-99	-99	-95.75	-96.225	-99	-99	-99	-99	-99	-99	-99	-99	-99	-99	-99	-99	-99	-99	-99	-99	-99	-99	-99	-99
4.97	1.13	-99	-65.275	-82.125	-99	-99	-99	-99	-99	-99	-71.225	-89.075	-86.3	-99	-99	-99	-99	-99	-99	-99	-99	-99	-99	-99	-99	-99	-91.375	-85.4	-99	-99	-78.825	-99	-99	-99	-99	-99	-99	-93.675	-93.375	-98.825	-99	-99	-99	-99	-99	-99	-99	-99	-99	-99	-99	-99	-99	-99	-99	-99	-99	-99
0.96	1.19	-99	-69.175	-83.025	-98.675	-99	-99	-99	-99	-99	-73.6	-89.4	-81.125	-99	-99	-99	-99	-99	-99	-99	-99	-99	-99	-99	-99	-99	-88.5	-86.95	-99	-99	-81.475	-99	-99	-99	-99	-95.15	-93.8	-91.35	-92.45	-99	-99	-99	-99	-99	-99	-99	-99	-99	-99	-99	-99	-99	-99	-99	-99	-99	-99	-99
0.9	5.42	-93.325	-63.65	-74.75	-99	-99	-99	-99	-99	-99	-71.825	-83.2	-87.65	-99	-99	-99	-99	-99	-99	-99	-99	-99	-99	-99	-99	-91.55	-89.775	-84.125	-99	-99	-77.95	-99	-99	-99	-99	-99	-99	-96.9	-97	-99	-98.3	-99	-99	-99	-99	-99	-99	-99	-99	-99	-99	-99	-99	-99	-99	-99	-99	-99
0.9	9.83	-87.825	-55.9	-78.275	-99	-99	-99	-99	-99	-96.85	-67.525	-76.575	-94.475	-99	-99	-99	-99	-99	-99	-99	-99	-99	-99	-99	-99	-87.275	-94.25	-86.35	-99	-99	-80.3	-99	-99	-99	-99	-99	-99	-94	-99	-99	-99	-99	-99	-99	-99	-99	-99	-99	-99	-99	-99	-99	-99	-99	-99	-99	-99	-99
0.9	14.29	-85	-58.475	-73.4	-99	-99	-99	-99	-95.475	-99	-67.675	-73.8	-90.325	-99	-99	-99	-99	-99	-99	-99	-99	-99	-99	-99	-99	-96.8	-99	-88.3	-99	-99	-80.875	-99	-99	-99	-99	-99	-99	-98.775	-97.475	-99	-99	-99	-99	-99	-99	-99	-99	-99	-99	-99	-99	-99	-99	-99	-99	-99	-99	-99
5.2	22.49	-69	-56.675	-76.175	-99	-99	-99	-99	-99	-99	-81	-93.85	-96.275	-99	-99	-99	-99	-99	-99	-99	-99	-99	-99	-99	-99	-99	-99	-99	-99	-99	-99	-99	-99	-99	-99	-99	-99	-99	-99	-99	-99	-99	-99	-99	-99	-99	-99	-99	-99	-99	-99	-99	-99	-99	-99	-99	-99	-99
12.99	35.99	-60.35	-81.975	-99	-99	-89.975	-99	-96.625	-99	-99	-99	-99	-99	-98.375	-99	-99	-99	-99	-99	-99	-99	-99	-99	-99	-99	-99	-99	-99	-99	-99	-99	-99	-99	-99	-99	-99	-99	-99	-99	-99	-99	-99	-99	-99	-99	-99	-99	-99	-99	-99	-99	-99	-99	-99	-99	-99	-99	-99
8.98	33.67	-55.05	-82.3	-99	-99	-92	-99	-98.75	-89.575	-96.65	-99	-99	-99	-98.325	-99	-99	-99	-99	-99	-99	-99	-99	-99	-99	-99	-99	-99	-99	-99	-99	-99	-99	-99	-99	-99	-99	-99	-99	-99	-99	-99	-96.625	-99	-99	-99	-99	-99	-99	-99	-99	-99	-99	-99	-99	-99	-99	-99	-99
8.98	38.19	-61.35	-85.7	-99	-99	-93.7	-99	-99	-85.125	-95.875	-99	-99	-99	-99	-99	-99	-99	-99	-99	-99	-99	-99	-99	-99	-99	-99	-99	-99	-99	-99	-99	-99	-99	-99	-99	-99	-99	-99	-99	-99	-99	-99	-99	-97.85	-99	-99	-99	-99	-99	-99	-99	-99	-99	-99	-99	-99	-99	-99
34.24	9.89	-94.825	-86.075	-99	-99	-99	-99	-99	-99	-99	-75.725	-50.675	-99	-99	-95.875	-79.3	-99	-99	-99	-99	-99	-99	-99	-99	-88.975	-77.95	-99	-99	-99	-99	-99	-99	-99	-99	-99	-99	-99	-99	-99	-99	-99	-99	-99	-99	-99	-99	-99	-99	-99	-99	-99	-99	-99	-99	-99	-99	-99	-99
34.29	14.29	-99	-82	-99	-99	-99	-99	-99	-99	-99	-78.225	-46.5	-99	-99	-94.2	-78	-97.875	-97.175	-99	-99	-99	-99	-99	-99	-83.025	-80.7	-99	-97.75	-95.275	-98	-99	-96.375	-99	-99	-99	-99	-99	-99	-99	-99	-99	-99	-99	-99	-97.975	-96.275	-99	-99	-99	-99	-99	-99	-99	-99	-99	-99	-99	-99
31.19	12.2	-97.85	-80.575	-99	-99	-99	-99	-99	-99	-99	-75.6	-51.5	-99	-99	-89.375	-82.1	-99	-99	-99	-99	-99	-99	-99	-99	-93.25	-80.275	-95.8	-98.375	-99	-97.2	-99	-99	-99	-99	-99	-99	-99	-99	-99	-99	-99	-99	-99	-99	-99	-99	-99	-99	-99	-99	-99	-99	-99	-99	-99	-99	-99	-99
28.81	14.41	-97.55	-83.625	-99	-99	-99	-99	-99	-99	-99	-70.925	-52.175	-99	-99	-84.85	-91.25	-99	-99	-99	-99	-99	-99	-99	-99	-89.475	-79.3	-99	-97.05	-99	-99	-96.225	-98.8	-99	-99	-99	-99	-99	-99	-99	-99	-99	-99	-99	-99	-99	-99	-99	-99	-99	-99	-99	-99	-99	-99	-99	-99	-99	-99
36.38	10.85	-99	-99	-99	-99	-99	-99	-99	-99	-99	-80.025	-51.95	-99	-99	-99	-71.625	-93.85	-99	-99	-99	-99	-99	-99	-99	-79.325	-71.675	-99	-92.275	-99	-99	-99	-98.425	-99	-99	-99	-99	-99	-99	-99	-99	-99	-99	-99	-99	-99	-99	-92.325	-99	-99	-99	-99	-99	-99	-99	-99	-99	-99	-99
14.29	37.8	-70	-87	-99	-99	-84.15	-99	-91.85	-98.675	-96.575	-99	-95.2	-99	-99	-99	-99	-99	-99	-99	-99	-99	-99	-99	-99	-99	-99	-99	-99	-99	-99	-99	-99	-99	-99	-99	-99	-99	-99	-99	-99	-99	-99	-97.825	-99	-99	-99	-99	-99	-99	-99	-99	-99	-99	-99	-99	-99	-99	-99
10.28	40.28	-70.95	-90.35	-96.8	-96.7	-86.5	-99	-94.675	-92.825	-96.175	-99	-99	-99	-99	-99	-99	-99	-99	-99	-99	-99	-99	-99	-99	-99	-99	-99	-99	-99	-99	-99	-99	-99	-99	-99	-99	-99	-99	-99	-99	-99	-99	-99	-99	-99	-99	-99	-99	-99	-99	-99	-99	-99	-99	-99	-99	-99	-99
29.44	5.82	-99	-90.525	-99	-99	-99	-99	-99	-99	-99	-74.825	-63.35	-99	-99	-96.675	-86.1	-99	-99	-99	-99	-99	-99	-99	-99	-99	-74.425	-91.25	-89.775	-99	-99	-99	-99	-99	-99	-99	-99	-99	-99	-99	-99	-99	-99	-99	-99	-99	-99	-99	-95.175	-96.45	-99	-99	-99	-99	-99	-99	-99	-99	-99
29.66	1.41	-99	-92.375	-99	-99	-99	-99	-99	-99	-99	-76.725	-65.1	-99	-99	-99	-90.6	-99	-99	-99	-99	-99	-99	-99	-99	-99	-77.625	-90.125	-88.675	-99	-99	-99	-99	-99	-99	-99	-99	-99	-94.75	-92.3	-99	-99	-99	-99	-99	-99	-99	-99	-94.3	-99	-96.425	-98.025	-99	-99	-99	-99	-99	-99	-99
33.5	3.73	-99	-91.55	-99	-99	-99	-99	-99	-99	-99	-78.8	-66.325	-99	-99	-99	-83.65	-99	-99	-99	-99	-99	-99	-99	-99	-97.1	-76.125	-91.55	-88.75	-99	-99	-99	-99	-99	-99	-99	-99	-99	-96.225	-96.25	-99	-99	-99	-99	-99	-99	-99	-99	-91.1	-96	-98.075	-99	-98.525	-99	-99	-99	-99	-99	-99
36.95	1.19	-99	-93.125	-99	-99	-99	-99	-99	-99	-99	-79.775	-65.425	-99	-99	-99	-79.975	-99	-99	-99	-99	-99	-96.525	-99	-99	-86.175	-69.075	-94.65	-89.975	-99	-99	-99	-99	-99	-99	-99	-99	-99	-95.5	-97.125	-99	-99	-99	-99	-99	-99	-99	-93.6	-97.075	-98.775	-99	-99	-99	-99	-99	-99	-99	-99	-99
36.5	5.76	-99	-93.475	-99	-99	-99	-99	-99	-99	-99	-77.525	-60.375	-99	-99	-99	-79.7	-99	-99	-99	-99	-99	-99	-99	-99	-88.575	-71.45	-96.35	-88.775	-99	-99	-99	-99	-99	-99	-99	-99	-99	-96.75	-97.1	-99	-99	-99	-99	-99	-99	-99	-90.175	-98.05	-99	-99	-99	-99	-99	-99	-99	-99	-99	-99
28.31	1.19	-99	-85.7	-99	-99	-99	-99	-99	-99	-99	-73.6	-70.575	-99	-99	-97.625	-99	-99	-99	-99	-99	-99	-99	-99	-99	-99	-81	-90.025	-88.725	-99	-99	-99	-99	-99	-99	-99	-99	-99	-97.5	-94.4	-99	-99	-99	-99	-99	-99	-99	-99	-99	-97.375	-95.2	-99	-99	-99	-99	-99	-99	-99	-99
28.42	6.05	-99	-88.85	-99	-99	-99	-99	-99	-99	-99	-72	-63.25	-99	-99	-99	-94.5	-99	-99	-99	-99	-99	-99	-99	-99	-99	-78.5	-98.075	-88.5	-99	-99	-99	-99	-99	-99	-99	-99	-99	-96.575	-96.075	-99	-99	-99	-99	-99	-99	-99	-99	-99	-99	-98.6	-99	-99	-97.5	-99	-99	-99	-99	-99
24.07	3.67	-99	-83.475	-99	-99	-99	-99	-99	-99	-99	-72.375	-64.125	-99	-99	-99	-99	-99	-99	-99	-99	-99	-99	-99	-99	-99	-80.775	-90.775	-88	-99	-99	-99	-99	-99	-99	-99	-99	-99	-96.6	-94.55	-97.2	-99	-99	-99	-99	-99	-99	-99	-97.125	-96.05	-97.725	-99	-99	-96.2	-99	-99	-99	-99	-99
20.45	1.58	-99	-86.6	-99	-99	-99	-99	-99	-99	-99	-67.55	-64.075	-99	-99	-99	-97.775	-99	-99	-99	-99	-99	-99	-99	-99	-99	-80.95	-88.225	-88	-99	-99	-97.125	-99	-99	-99	-99	-99	-99	-94.85	-95.05	-99	-99	-99	-99	-99	-99	-99	-99	-97.2	-96.9	-99	-99	-99	-99	-98.725	-99	-99	-99	-99
20.23	5.76	-99	-83.125	-99	-99	-99	-99	-99	-99	-99	-69.225	-67.6	-99	-99	-98.325	-99	-99	-98.375	-99	-99	-99	-99	-99	-99	-99	-79.075	-89.2	-87.575	-99	-99	-97.55	-99	-99	-99	-99	-99	-99	-96.4	-96.65	-99	-99	-99	-99	-99	-99	-99	-99	-99	-91.525	-97.05	-99	-99	-99	-99	-99	-99	-99	-99
21.41	10.06	-92.475	-71.725	-94.55	-99	-99	-99	-99	-99	-99	-61.675	-63.175	-99	-99	-91.225	-99	-99	-95.275	-99	-99	-99	-99	-99	-99	-99	-80.925	-99	-96.425	-97.9	-99	-92.9	-99	-93.15	-99	-99	-99	-99	-99	-99	-99	-99	-99	-99	-99	-99	-99	-99	-99	-99	-99	-99	-99	-99	-99	-98.425	-99	-99	-99
21.75	14.35	-84.325	-78.025	-98.3	-99	-99	-99	-99	-99	-99	-65.225	-60.475	-99	-99	-80.6	-99	-99	-92.95	-99	-97.875	-99	-99	-99	-99	-99	-82.1	-99	-94.775	-94.75	-98.3	-91.925	-96.675	-97.5	-99	-99	-99	-99	-99	-99	-99	-99	-99	-99	-99	-99	-99	-99	-99	-99	-99	-99	-99	-99	-99	-97.325	-99	-99	-99
16.16	14.52	-94.975	-73.975	-99	-99	-99	-99	-99	-99	-99	-63.275	-66.425	-99	-99	-99	-99	-99	-94.25	-99	-99	-99	-99	-99	-99	-97.85	-83.675	-97.175	-99	-91.475	-95.775	-88	-92.725	-87.05	-99	-99	-99	-99	-99	-99	-99	-99	-99	-99	-99	-98.675	-99	-99	-99	-99	-99	-99	-99	-99	-99	-99	-96.95	-99	-99
19.1	12.32	-88	-71.4	-93.725	-99	-99	-99	-99	-99	-99	-63.475	-64	-99	-99	-93.35	-99	-99	-93.15	-99	-99	-99	-99	-99	-99	-99	-85.85	-99	-96.275	-96.875	-99	-88.5	-98.75	-91.7	-99	-99	-99	-99	-99	-99	-99	-99	-99	-99	-99	-99	-99	-99	-99	-99	-99	-99	-99	-99	-99	-99	-98.4	-99	-99
12.2	27.12	-55.075	-85.9	-99	-99	-99	-99	-99	-99	-99	-99	-85.475	-99	-99	-81.975	-92.65	-99	-98.9	-99	-99	-99	-99	-99	-99	-99	-99	-99	-99	-99	-99	-99	-99	-99	-99	-99	-99	-99	-99	-99	-99	-99	-99	-99	-99	-99	-99	-99	-99	-99	-99	-99	-99	-99	-99	-99	-99	-99	-99
17.97	36.16	-68.375	-93.2	-99	-99	-99	-99	-99	-99	-99	-99	-83.525	-99	-99	-94.225	-96.675	-97.875	-97.625	-99	-97.325	-99	-99	-99	-99	-99	-99	-99	-99	-99	-99	-99	-99	-99	-99	-99	-99	-99	-99	-99	-99	-99	-99	-99	-99	-99	-99	-99	-99	-99	-99	-99	-99	-99	-99	-99	-99	-99	-99
21.92	33.9	-67.6	-99	-99	-99	-99	-99	-99	-99	-99	-99	-80.875	-99	-99	-95.325	-90.95	-95.1	-95.025	-99	-95.275	-99	-99	-99	-99	-99	-99	-99	-99	-99	-99	-99	-99	-99	-99	-99	-99	-99	-99	-99	-99	-99	-99	-99	-99	-99	-99	-99	-99	-99	-99	-99	-99	-99	-99	-99	-99	-99	-99
17.63	32.71	-65.525	-95.3	-99	-99	-99	-99	-99	-99	-99	-99	-83.675	-99	-99	-91.175	-99	-93.25	-99	-99	-99	-99	-99	-99	-99	-99	-99	-99	-99	-99	-99	-99	-99	-99	-99	-99	-99	-99	-99	-99	-99	-99	-99	-99	-99	-99	-99	-99	-99	-99	-99	-99	-99	-99	-99	-99	-99	-99	-99
16.27	9.77	-91.35	-70.6	-91.525	-99	-99	-99	-99	-99	-99	-57.475	-67.25	-99	-99	-97.85	-99	-99	-98.5	-99	-99	-99	-99	-99	-99	-99	-83.825	-99	-96	-99	-99	-82.375	-98.8	-96.9	-99	-99	-99	-99	-99	-99	-99	-99	-99	-99	-99	-99	-99	-99	-99	-99	-99	-99	-99	-99	-99	-99	-99	-99	-99
13.28	12.03	-85.6	-65.525	-96.375	-99	-99	-99	-99	-99	-99	-59.825	-61.95	-99	-99	-99	-99	-99	-99	-99	-99	-99	-99	-99	-99	-99	-83.225	-97.75	-98.55	-91.9	-99	-85.575	-94.3	-87.3	-99	-99	-99	-99	-99	-99	-99	-99	-99	-99	-99	-99	-99	-99	-99	-99	-99	-99	-99	-99	-99	-99	-99	-99	-99
10.51	13.33	-84.85	-60.825	-97.5	-99	-99	-99	-99	-99	-99	-59.95	-64.175	-99	-99	-99	-99	-99	-99	-99	-99	-99	-99	-99	-99	-99	-89.125	-98.7	-99	-99	-99	-80.275	-99	-91.75	-99	-99	-99	-99	-99	-99	-99	-99	-99	-99	-99	-99	-99	-99	-99	-99	-99	-99	-99	-99	-99	-99	-99	-99	-99
3.05	12.15	-93.925	-54.7	-77.475	-99	-99	-99	-99	-99	-99	-66.025	-74.65	-86.325	-99	-99	-99	-99	-99	-99	-99	-99	-99	-99	-99	-99	-94.425	-98.5	-90.05	-99	-99	-79.875	-99	-99	-99	-99	-99	-99	-97.025	-99	-99	-99	-99	-99	-99	-99	-99	-99	-99	-99	-99	-99	-99	-99	-99	-99	-99	-99	-99
3.16	7.68	-88.95	-61.7	-77.675	-99	-99	-99	-99	-99	-99	-61.575	-75.675	-87.475	-99	-99	-99	-99	-99	-99	-99	-99	-99	-99	-99	-99	-80.55	-94.55	-88.425	-99	-99	-75.825	-99	-99	-99	-99	-99	-99	-98	-99	-99	-99	-99	-99	-99	-99	-99	-99	-99	-99	-99	-99	-99	-99	-99	-99	-99	-99	-99
3.11	3.5	-90.55	-66.325	-79	-99	-99	-99	-99	-95.975	-99	-70.35	-85.9	-85.575	-99	-99	-99	-99	-99	-99	-99	-99	-99	-99	-99	-99	-99	-90.7	-89.35	-99	-99	-75.975	-99	-99	-99	-99	-99	-99	-94.85	-97.75	-99	-99	-99	-99	-99	-99	-99	-99	-99	-99	-99	-99	-99	-99	-99	-99	-99	-99	-99
16.21	37.06	-60.4	-74.725	-99	-99	-92.3	-99	-83.975	-99	-99	-86.2	-93.175	-99	-99	-99	-99	-99	-99	-99	-99	-99	-99	-99	-99	-99	-99	-99	-99	-99	-99	-99	-99	-99	-99	-99	-99	-99	-99	-99	-99	-99	-99	-99	-99	-99	-99	-99	-99	-99	-99	-99	-99	-99	-99	-99	-99	-80.95	-96.175
13.28	32.15	-51.8	-77.175	-99	-99	-91.4	-99	-84.45	-99	-99	-89.875	-96.5	-99	-99	-99	-99	-99	-99	-99	-99	-99	-99	-99	-99	-99	-99	-99	-99	-99	-99	-99	-99	-99	-99	-99	-99	-99	-99	-99	-99	-99	-99	-99	-99	-99	-99	-99	-99	-99	-99	-99	-99	-99	-99	-99	-99	-83.35	-95.375
10.96	28.64	-38.6	-67.85	-96.625	-99	-97.95	-99	-88.075	-99	-99	-83.8	-94.475	-99	-99	-92.75	-99	-99	-99	-99	-99	-99	-99	-99	-99	-99	-99	-99	-99	-99	-99	-99	-99	-99	-99	-99	-99	-99	-99	-99	-99	-99	-99	-99	-99	-99	-99	-99	-99	-99	-99	-99	-99	-99	-99	-99	-99	-99	-99
9.6	25.65	-53.9	-65.625	-93.5	-99	-99	-99	-87.275	-99	-99	-80.85	-97.95	-99	-99	-99	-99	-99	-99	-99	-99	-99	-99	-99	-99	-99	-99	-99	-99	-99	-99	-90.075	-99	-99	-99	-99	-99	-99	-99	-99	-99	-99	-99	-99	-99	-99	-99	-99	-99	-99	-99	-99	-99	-99	-99	-99	-99	-99	-99
8.02	23.33	-59.025	-59.8	-89.5	-99	-99	-99	-92.175	-99	-99	-77.8	-92.6	-99	-99	-99	-99	-99	-99	-99	-99	-99	-99	-99	-99	-99	-99	-99	-93.025	-99	-99	-88.1	-99	-96.125	-99	-99	-99	-99	-99	-99	-99	-99	-99	-99	-99	-99	-99	-99	-99	-99	-99	-99	-99	-99	-99	-99	-99	-99	-99
7.97	19.77	-65.825	-58.475	-83.475	-99	-99	-99	-99	-99	-99	-73.975	-86.925	-99	-99	-99	-99	-99	-99	-99	-99	-99	-99	-99	-99	-99	-99	-99	-92.875	-99	-99	-86.4	-99	-95.2	-99	-99	-99	-99	-99	-99	-99	-99	-99	-99	-99	-99	-99	-99	-99	-99	-99	-99	-99	-99	-99	-99	-99	-99	-99
7.97	16.16	-69.025	-52.725	-84.775	-99	-99	-99	-97.925	-99	-99	-63.425	-76.225	-99	-99	-99	-99	-99	-99	-99	-99	-99	-99	-99	-99	-99	-99	-99	-92.325	-99	-99	-81.875	-99	-93.85	-99	-99	-99	-99	-99	-99	-99	-99	-99	-99	-99	-99	-99	-99	-99	-99	-99	-99	-99	-99	-99	-99	-99	-99	-99
7.97	7.63	-78.5	-65.95	-89.55	-99	-99	-99	-99	-99	-99	-53.775	-73.15	-99	-99	-99	-99	-99	-99	-99	-99	-99	-99	-99	-99	-99	-73.6	-97.225	-84.675	-99	-99	-70.1	-99	-99	-99	-99	-99	-99	-95.85	-98.3	-99	-99	-99	-99	-99	-99	-99	-99	-99	-99	-97.75	-99	-99	-99	-99	-99	-99	-99	-99
11.58	7.74	-85.1	-70.55	-94.375	-99	-99	-99	-99	-99	-99	-44.575	-71.525	-99	-99	-99	-99	-99	-99	-99	-99	-99	-99	-99	-99	-99	-72.6	-99	-92.375	-98.025	-99	-78.55	-99	-99	-99	-99	-99	-99	-99	-99	-99	-99	-99	-99	-99	-99	-99	-99	-99	-99	-99	-99	-99	-99	-99	-99	-99	-99	-99
37.46	7.8	-99	-92.575	-99	-99	-99	-99	-99	-99	-99	-66.825	-58.025	-99	-99	-99	-77.85	-94.3	-99	-99	-99	-99	-95.325	-99	-99	-87.9	-56.975	-99	-92.4	-99	-99	-99	-99	-99	-99	-99	-99	-99	-97.525	-99	-99	-99	-99	-99	-99	-99	-99	-83.875	-99	-99	-99	-99	-99	-99	-99	-99	-99	-99	-99
7.85	11.81	-74.05	-57.125	-83.8	-99	-99	-99	-98.65	-99	-99	-62.725	-67.475	-99	-99	-99	-99	-99	-99	-99	-99	-99	-99	-99	-99	-99	-99	-96.8	-88.15	-99	-99	-79.875	-99	-99	-99	-99	-99	-99	-95.35	-96.775	-99	-99	-99	-99	-99	-99	-99	-99	-99	-99	-99	-99	-99	-99	-99	-99	-99	-99	-99
16.38	7.85	-86.95	-72.775	-97	-99	-99	-99	-99	-99	-99	-52.325	-72.775	-99	-99	-97.425	-99	-99	-99	-99	-99	-99	-99	-99	-99	-99	-72.4	-98.9	-91.95	-97.85	-99	-86.725	-99	-99	-99	-99	-99	-99	-99	-99	-99	-99	-99	-99	-99	-99	-99	-99	-99	-99	-99	-99	-99	-99	-99	-99	-99	-99	-99
21.53	7.68	-96.75	-78.8	-99	-99	-99	-99	-99	-99	-99	-58.7	-64.55	-99	-99	-96	-96.375	-99	-96.625	-99	-99	-99	-99	-99	-99	-99	-67.3	-95.325	-91.55	-98.175	-99	-90.575	-99	-99	-99	-99	-99	-99	-98.05	-97.825	-99	-99	-99	-99	-99	-99	-99	-97.325	-99	-99	-99	-99	-99	-99	-99	-99	-99	-99	-99
27.74	7.8	-99	-83.9	-99	-99	-99	-99	-99	-99	-99	-61.075	-59.475	-99	-99	-99	-95.025	-99	-99	-99	-99	-99	-99	-99	-99	-99	-68.525	-97.6	-93.175	-99	-99	-96.175	-99	-99	-99	-99	-99	-99	-99	-99	-99	-99	-99	-99	-99	-99	-99	-96.375	-99	-99	-99	-99	-99	-99	-99	-99	-99	-99	-99
33.16	7.8	-99	-86.5	-99	-99	-99	-99	-99	-99	-99	-64.35	-60.35	-99	-99	-95.225	-80.725	-99	-99	-99	-98.025	-99	-99	-99	-99	-94.475	-61.55	-94.625	-92.025	-99	-99	-96.8	-99	-99	-99	-99	-99	-99	-99	-99	-99	-99	-99	-99	-99	-99	-99	-92.45	-99	-99	-97.425	-99	-99	-99	-99	-99	-99	-99	-99
10.56	5.59	-87.8	-75.475	-99	-99	-99	-99	-99	-99	-99	-53.075	-75.925	-99	-99	-99	-99	-99	-99	-99	-99	-99	-99	-99	-99	-99	-83.4	-85.875	-90.175	-99	-99	-76.6	-99	-99	-99	-99	-99	-99	-99	-99	-99	-99	-99	-99	-99	-99	-99	-99	-96.75	-86.125	-99	-99	-99	-99	-99	-99	-99	-99	-99
10.34	1.24	-96.225	-79.825	-99	-99	-99	-99	-99	-99	-99	-56.375	-77.7	-97.175	-99	-99	-99	-99	-99	-99	-99	-99	-99	-99	-99	-99	-88.375	-87.3	-86.5	-99	-99	-82.15	-99	-99	-99	-99	-99	-99	-94.675	-96.275	-99	-99	-99	-99	-99	-99	-99	-99	-95.425	-85	-99	-99	-99	-95.775	-99	-99	-99	-99	-99
14.58	3.39	-97.625	-77.525	-99	-99	-99	-99	-99	-99	-99	-53.6	-71.975	-99	-99	-99	-99	-99	-99	-99	-99	-99	-99	-99	-99	-99	-87.3	-86.05	-87.65	-99	-99	-81.7	-99	-99	-99	-99	-99	-99	-99	-98	-99	-99	-99	-99	-99	-99	-99	-99	-95.675	-86.525	-99	-99	-99	-99	-99	-99	-99	-99	-99
18.31	5.65	-99	-75.525	-99	-99	-99	-99	-99	-99	-99	-59.1	-72.8	-99	-99	-97.225	-99	-99	-99	-99	-99	-99	-99	-99	-99	-99	-81.4	-93.3	-91.475	-99	-99	-90.55	-99	-99	-99	-99	-99	-99	-99	-99	-99	-99	-99	-99	-99	-99	-99	-99	-97.3	-87.625	-99	-99	-99	-99	-99	-99	-99	-99	-99
18.08	2.26	-99	-79.175	-99	-99	-99	-99	-99	-99	-99	-59.525	-72.425	-99	-99	-99	-99	-99	-99	-99	-99	-99	-99	-99	-99	-99	-86.85	-87.9	-88.5	-99	-99	-87.15	-99	-99	-99	-99	-99	-99	-98.375	-96.975	-99	-99	-99	-99	-99	-99	-99	-99	-92.475	-86.15	-99	-99	-99	-99	-99	-99	-99	-99	-99
